% palette 1
colors = [0,0,0         % black
          162,162,162   % gray
          17,112,170    % blue
          252,125,11    % orange
          97,172,39     % green
          149,211,233   % cyan
          239,214,4     % yellow
          ]/255;
          [0,0,0
            162,162,162
            194,132,33
            198,198,198
            14,111,18
            203,164,119
            117,155,109]/255;
% palette 2
colors1 = [  7,5,54
            101,95,123
            198,198,198
            224,127,105
            222,15,15]/255;
        
% palette colorblind        
colblind = [17,112,170
            252,125,11
            163,172,185
            87,96,108]/255;
        
% pairplot
lines = [58,74,202
            210,123,0
            251,100,177
            0,0,0
            14,108,19
            198,198,198]/255;
        
 areas = [142,134,202
             213,160,111
             229,155,188
             94,94,94
             117,153,108
             198,198,198]/255;
        